%YAML:1.0
D0: !!opencv-matrix
   rows: 1
   cols: 5
   dt: d
   data: [ -3.5725567702281702e-01, 1.1999970017735986e-01,
       2.1382731831232895e-04, 6.6813601391649724e-04,
       1.4346704191878704e-01 ]
