%YAML:1.0
D0: !!opencv-matrix
   rows: 1
   cols: 5
   dt: d
   data: [ -3.6977420474652162e-01, 2.3786022837816545e-01,
       2.5995287350685298e-04, 3.8291437304308344e-04,
       -1.3026920339140369e-01 ]
