%YAML:1.0
D1: !!opencv-matrix
   rows: 1
   cols: 5
   dt: d
   data: [ -3.2613802342094278e-01, 6.8694674048158780e-02,
       -4.2049404041555663e-04, 1.0209038869358807e-03,
       7.6673979430711581e-02 ]
