%YAML:1.0
D1: !!opencv-matrix
   rows: 1
   cols: 5
   dt: d
   data: [ -3.2919507558094813e-01, 7.4572627683854961e-02,
       -6.0394973667361360e-04, 2.7837299049736028e-04,
       6.9983082974426500e-02 ]
