%YAML:1.0
E: !!opencv-matrix
   rows: 3
   cols: 3
   dt: d
   data: [ 4.9729450432235288e-04, -4.8131160082879654e-01,
       5.8378263768628551e-03, 5.6218805472942401e-01,
       -5.4494772984819348e-03, 1.2024306530642793e+01,
       5.3286057789867858e-03, -1.2027815579543200e+01,
       -5.9434704334819970e-03 ]
