%YAML:1.0
F: !!opencv-matrix
   rows: 3
   cols: 3
   dt: d
   data: [ 3.6042135172937267e-09, -3.4909678929702145e-06,
       1.4457977543232488e-03, 4.0725819753974585e-06,
       -3.9506244100724852e-08, 6.9498996796904161e-02,
       -1.5814964423087735e-03, -7.0566309405663066e-02,
       9.9999999999999989e-01 ]
