%YAML:1.0
M0: !!opencv-matrix
   rows: 3
   cols: 3
   dt: d
   data: [ 8.2133070487639816e+02, 0., 5.0578620885370594e+02, 0.,
       8.2072069597281234e+02, 4.0472151474599485e+02, 0., 0., 1. ]
