%YAML:1.0
M0: !!opencv-matrix
   rows: 3
   cols: 3
   dt: d
   data: [ 8.1820367950972150e+02, 0., 4.9982375661504642e+02, 0.,
       8.1741360509391245e+02, 4.0074297328733383e+02, 0., 0., 1. ]
