%YAML:1.0
M1: !!opencv-matrix
   rows: 3
   cols: 3
   dt: d
   data: [ 8.3013681566707203e+02, 0., 5.2639548558038302e+02, 0.,
       8.3053569962398137e+02, 3.9573394944406499e+02, 0., 0., 1. ]
