%YAML:1.0
M1: !!opencv-matrix
   rows: 3
   cols: 3
   dt: d
   data: [ 8.2707290847253523e+02, 0., 5.1986388305366540e+02, 0.,
       8.2728558421238176e+02, 3.9166017242107893e+02, 0., 0., 1. ]
