%YAML:1.0
P1: !!opencv-matrix
   rows: 3
   cols: 4
   dt: d
   data: [ 8.3699935128515426e+02, 0., 5.4788779830932617e+02,
       -1.0075333220010960e+04, 0., 8.3699935128515426e+02,
       4.3485630035400391e+02, 0., 0., 0., 1., 0. ]
