%YAML:1.0
P1: !!opencv-matrix
   rows: 3
   cols: 4
   dt: d
   data: [ 7.6740874581291234e+02, 0., 5.5897040176391602e+02,
       -9.2172480294285051e+03, 0., 7.6740874581291234e+02,
       3.9449035644531250e+02, 0., 0., 0., 1., 0. ]
