%YAML:1.0
Q: !!opencv-matrix
   rows: 4
   cols: 4
   dt: d
   data: [ 1., 0., 0., -5.4788779830932617e+02, 0., 1., 0.,
       -4.3485630035400391e+02, 0., 0., 0., 8.3699935128515426e+02, 0.,
       0., -8.3074111099646963e-02, 0. ]
