%YAML:1.0
Q: !!opencv-matrix
   rows: 4
   cols: 4
   dt: d
   data: [ 1., 0., 0., -5.5897040176391602e+02, 0., 1., 0.,
       -3.9449035644531250e+02, 0., 0., 0., 7.6740874581291234e+02, 0.,
       0., -8.3257903374494929e-02, 0. ]
