%YAML:1.0
R0: !!opencv-matrix
   rows: 3
   cols: 3
   dt: d
   data: [ 9.9871752162103256e-01, 2.4257946305109479e-03,
       -5.0571014697679301e-02, -2.4062238100927358e-03,
       9.9999700474307096e-01, 4.4787482882912124e-04,
       5.0571949676852031e-02, -3.2561525937855977e-04,
       9.9872036721025403e-01 ]
