%YAML:1.0
R0: !!opencv-matrix
   rows: 3
   cols: 3
   dt: d
   data: [ 9.9890870785877162e-01, 4.6561813159721522e-04,
       -4.6703068032785809e-02, -4.5455639572859464e-04,
       9.9999986606790103e-01, 2.4747254980549290e-04,
       4.6703177005452144e-02, -2.2597330668227460e-04,
       9.9890878572253139e-01 ]
