%YAML:1.0
R1: !!opencv-matrix
   rows: 3
   cols: 3
   dt: d
   data: [ 9.9902476609214197e-01, 1.0141420479519436e-03,
       -4.4141683819804489e-02, -1.0312231906482283e-03,
       9.9999940197113801e-01, -3.6419239071248195e-04,
       4.4141288078986582e-02, 4.0935714597331802e-04,
       9.9902521445329640e-01 ]
