%YAML:1.0
R1: !!opencv-matrix
   rows: 3
   cols: 3
   dt: d
   data: [ 9.9920018023614454e-01, -5.0487757501804288e-04,
       -3.9984308355786202e-02, 4.9540788121962831e-04,
       9.9999984684441701e-01, -2.4674313234017891e-04,
       3.9984426807040466e-02, 2.2673724082176064e-04,
       9.9920027732338834e-01 ]
