%YAML:1.0
RR: !!opencv-matrix
   rows: 3
   cols: 3
   dt: d
   data: [ 9.9997833078277243e-01, 1.3778357345023819e-03,
       -6.4373545489481970e-03, -1.3726789494187014e-03,
       9.9999873352340141e-01, 8.0542168772442413e-04,
       6.4384561349719958e-03, -7.9656781378760900e-04,
       9.9997895565972583e-01 ]
