%YAML:1.0
RR: !!opencv-matrix
   rows: 3
   cols: 3
   dt: d
   data: [ 9.9997693550374844e-01, 9.5161812274360510e-04,
       -6.7247961664794534e-03, -9.4829358271026297e-04,
       9.9999942659562158e-01, 4.9754166554701919e-04,
       6.7252657801176417e-03, -4.9115310894944477e-04,
       9.9997726452595437e-01 ]
