%YAML:1.0
T: !!opencv-matrix
   rows: 3
   cols: 1
   dt: d
   data: [ -1.1999158345346723e+01, -1.2180730079044031e-02,
       5.3018010339813826e-01 ]
