%YAML:1.0
T: !!opencv-matrix
   rows: 3
   cols: 1
   dt: d
   data: [ -1.2027816692947928e+01, 6.0774357779458318e-03,
       4.8130889186194575e-01 ]
